MEDITATIONES

Membr-um Ἰ.

. Tacita conditio : Rebus fic 1111111111·

, 1· 1·

· ' 1

11111111 11111111 11111 6111111111111111111111111111111111111111 1111 ·
11111111 1111, 1111111111111111111, 11111111111ῧ11111111111111 1111
11111111111111111 ῢ1111111111111111 1111111111 111111 111111 11111 1111 311
1111111111 1111111, ver· affin 111 1111.11111111,1111111 (1111111111 111111
111111111111111141111111111111 1111111111) 111111111111111111 311
. 1111111,1111111111111111111111111 ,1,
9111111) 1111111111 1111,111511,11111111111111111 111111 1111111111 1111
111111 (1111111111111111111 11111111 1111111111111, 1111111111 111111Ι 111 1111
11111,111111111111111111111111111111111
1111111111 111 1111111111111111111111111111111111111111, 111 1111 1111111
111 1111111111111111 1111111111, 11111111111111, 111111. 1111111111171111
1111111111111111111111111111111

111 1111111111 11111111, 1111111111 111111 1111111111 1111111111 1111111111

111111 1111111 111111, 111, 11111111ῢ11111, 111111 1111111 1111111113,

1) Sic homo bombylius selliss'm 1111111111 in adagiin. 11811111 11111111
1111111111 (111111111111111111 1111111111 1111111, grob, 11111111111111111111111111,
111111111111111111111, 11111111 11111111), 1111111 1111, 1111 1111111111ςαῦ1111
1111 [1111111111111 1111111111 ς1111111111 11111111 311 111 &tuga 11111 11
]. P. 111 jure 0111111, ἃ canonico (11111 11111111 nicht 11111 0111111111. fo·
1111111,1“1110,111111ῐίςοῖ) abbanbelt? 9111111111 11111 Ι111 1111 unumssdsst
1111111ζ1111111111 11111111 1111111111 1111111111 9111111111161111111111,
11111111 111111 bert, 111, quid Instrumenti Pacis juris fit, 1111111 {thren 11111,
111111111111 11111111 1111111 [1111111111 9111111111 per enormiffimum despi·
11111111111111111111, 1111111111, 1111 1111111111ῖὼ erfredm, [111111111111
11111111, 11111 1111111111111111, 111111 11 111111 11111111 1111111111, 1111, 11111 111
111111111111111111111111111, 11111111111111 1111111, ,1111111111 1111 ,1111 11111
1111111111, 1111111 1111111 1111111, 11111111111111,11111111111111111111111111,
11111111111111111111111111111111111111111111111 111 11111111 1111111111, 1111 1111111111
sanarat, 111111 11111111111111111111111 111111.

 

