111 11111111 1111111 1111111111 (1111111111
1. 111.

113) 111111 1111111111 1111111 11111111111111 11 11111111, 111
1111111111 111111111111111111111 hatten: 111111111111111115111111
1111111(111111111)1111111111111 111 11111111, 1111 et 11 11111111
1111111 1111111111 111, 11111111 11111111111111111111111111111111
111111111111111111’11“11111«111111111131 111111
111111111111111111 111 111111 1111111111 1111111111. (5111111111
111111111111111,11111111112
111) 111111111111111 1111111. 31111111 1111111111 111)

· 114) 1111 1111111111, 11111, 111111, 111111111111111111 111
1111111111111111111111111111
118111 controverfiae 1111111111111111111ς 1111111 1111111111 eo Md& ²

’ 1;11111111111111111111, 111 1111 1111131111 11111111 11111, 11111

1111 11111111 1111111111 mit 1111111111 1111 &amma 11111 1111111111
1111111, 1111111 1111111111

Ad 5) 1111111 111111111111111111111 su 111111111111111111
· 11111111, 1111111111 11111111 1111111 111 111 11111111 Θ. 613 111111.
ῶ111111111 1111111111111111111,111111111111111111, 111111, 1111111111
1111 su 11111111, 111 <1111111111111111 1111111. <Bon 11111 1111111
2111111111 111 einen 1111111111111111,111111 1111111111 1111111111 11111
1111111111111111111111, 11 1111 11111 1111111111 111 111111 111111 11111
1111111111, 11111 11111111 111 1111111, 111 111ῶ1111111111 11111111
ffissbmetfdnn Responso 43. Tom. 1. pm. ι. auf 111111 Ἧ31111 111111 9111111111
1111111111111111111111111,111111·1 111· 11) 1111111 111, 11111111
11 1111111111 11 111 1111111111 grege, 11 11111111111111131111 {vicomes
[1111111119111111111111111111. 11111111 1111111111111 immet 111111
1111111111111111111111. 9111111111)111111111111111111,11111111111
111111 111 1111111 111) 11111, 11 11111111 11111 11111 11111111111111
ῒῦ111111111; 111 1111111111 tinem, 1111111111 1111110111 9111111,
111111 11111 11 11111, 111 11111111 15111111, 11111111 11111 111111 111
1111111 1111111111, 1111111111 111 &annm 1111 111111 11111111 11 111111
nidum 11 111111 111111 bem 11111111111111, 111111111111; 111111
1111111111 111 &cite 1111111111, 111 eine 111, 1111111111 11111111 1111111111
111111111111111ς 11111 1111111 111 11111111111111111111111111111111111

 

